#  BLOSUM Clustered Target Frequencies=qij
#  Blocks Database = /data/blocks_5.0/blocks.dat
#  Cluster Percentage: >= 90
# Normalized frequencies (by row) from file: blosum90.qij
      A      R      N      D      C      Q      E      G      H      I      L      K      M      F      P      S      T      W      Y      V
 0.3986 0.0262 0.0193 0.0221 0.0193 0.0221 0.0372 0.0676 0.0110 0.0317 0.0428 0.0359 0.0138 0.0166 0.0276 0.0841 0.0483 0.0041 0.0138 0.0579
 0.0385 0.4636 0.0304 0.0223 0.0061 0.0425 0.0405 0.0263 0.0223 0.0182 0.0324 0.1154 0.0121 0.0121 0.0162 0.0364 0.0263 0.0040 0.0121 0.0223
 0.0337 0.0361 0.4289 0.0819 0.0096 0.0313 0.0410 0.0530 0.0265 0.0145 0.0217 0.0482 0.0072 0.0120 0.0145 0.0627 0.0434 0.0024 0.0120 0.0193
 0.0296 0.0204 0.0630 0.5352 0.0056 0.0222 0.0889 0.0389 0.0130 0.0111 0.0167 0.0333 0.0056 0.0093 0.0148 0.0407 0.0278 0.0019 0.0074 0.0148
 0.0476 0.0102 0.0136 0.0102 0.6463 0.0068 0.0068 0.0170 0.0034 0.0340 0.0408 0.0102 0.0102 0.0170 0.0102 0.0306 0.0272 0.0034 0.0102 0.0442
 0.0476 0.0625 0.0387 0.0357 0.0060 0.3363 0.1012 0.0298 0.0298 0.0179 0.0357 0.0804 0.0208 0.0119 0.0179 0.0446 0.0357 0.0060 0.0149 0.0268
 0.0489 0.0362 0.0308 0.0870 0.0036 0.0616 0.4366 0.0272 0.0199 0.0163 0.0236 0.0580 0.0091 0.0091 0.0199 0.0435 0.0308 0.0036 0.0091 0.0254
 0.0619 0.0164 0.0278 0.0265 0.0063 0.0126 0.0189 0.6578 0.0088 0.0101 0.0177 0.0227 0.0063 0.0088 0.0114 0.0404 0.0202 0.0038 0.0063 0.0152
 0.0323 0.0444 0.0444 0.0282 0.0040 0.0403 0.0444 0.0282 0.4637 0.0161 0.0282 0.0363 0.0081 0.0242 0.0161 0.0363 0.0242 0.0040 0.0565 0.0202
 0.0348 0.0136 0.0091 0.0091 0.0151 0.0091 0.0136 0.0121 0.0061 0.3707 0.1543 0.0151 0.0363 0.0363 0.0106 0.0197 0.0318 0.0045 0.0166 0.1815
 0.0320 0.0165 0.0093 0.0093 0.0124 0.0124 0.0134 0.0144 0.0072 0.1053 0.4881 0.0165 0.0506 0.0485 0.0103 0.0196 0.0258 0.0062 0.0186 0.0836
 0.0486 0.1065 0.0374 0.0336 0.0056 0.0505 0.0598 0.0336 0.0168 0.0187 0.0299 0.3944 0.0131 0.0131 0.0206 0.0430 0.0355 0.0019 0.0131 0.0243
 0.0408 0.0245 0.0122 0.0122 0.0122 0.0286 0.0204 0.0204 0.0082 0.0980 0.2000 0.0286 0.2776 0.0367 0.0122 0.0245 0.0367 0.0082 0.0163 0.0816
 0.0258 0.0129 0.0108 0.0108 0.0108 0.0086 0.0108 0.0151 0.0129 0.0516 0.1011 0.0151 0.0194 0.4903 0.0086 0.0194 0.0194 0.0151 0.0989 0.0430
 0.0518 0.0207 0.0155 0.0207 0.0078 0.0155 0.0285 0.0233 0.0104 0.0181 0.0259 0.0285 0.0078 0.0104 0.6218 0.0337 0.0259 0.0026 0.0078 0.0233
 0.1052 0.0310 0.0448 0.0379 0.0155 0.0259 0.0414 0.0552 0.0155 0.0224 0.0328 0.0397 0.0103 0.0155 0.0224 0.3483 0.0845 0.0034 0.0155 0.0328
 0.0680 0.0252 0.0350 0.0291 0.0155 0.0233 0.0330 0.0311 0.0117 0.0408 0.0485 0.0369 0.0175 0.0175 0.0194 0.0951 0.3748 0.0039 0.0155 0.0583
 0.0195 0.0130 0.0065 0.0065 0.0065 0.0130 0.0130 0.0195 0.0065 0.0195 0.0390 0.0065 0.0130 0.0455 0.0065 0.0130 0.0130 0.6558 0.0649 0.0195
 0.0280 0.0168 0.0140 0.0112 0.0084 0.0140 0.0140 0.0140 0.0392 0.0308 0.0504 0.0196 0.0112 0.1289 0.0084 0.0252 0.0224 0.0280 0.4846 0.0308
 0.0571 0.0150 0.0109 0.0109 0.0177 0.0122 0.0190 0.0163 0.0068 0.1633 0.1102 0.0177 0.0272 0.0272 0.0122 0.0259 0.0408 0.0041 0.0150 0.3905
