#  BLOSUM Clustered Target Frequencies=qij
#  Blocks Database = /data/blocks_5.0/blocks.dat
#  Cluster Percentage: >= 45
# Normalized frequencies (by row) from file: blosum45.qij
      A      R      N      D      C      Q      E      G      H      I      L      K      M      F      P      S      T      W      Y      V
 0.2312 0.0370 0.0332 0.0345 0.0192 0.0307 0.0485 0.0805 0.0166 0.0460 0.0664 0.0473 0.0204 0.0268 0.0307 0.0792 0.0524 0.0077 0.0217 0.0702
 0.0553 0.2481 0.0382 0.0382 0.0115 0.0477 0.0592 0.0420 0.0248 0.0305 0.0553 0.1164 0.0191 0.0267 0.0248 0.0496 0.0382 0.0076 0.0267 0.0401
 0.0618 0.0475 0.1876 0.0736 0.0166 0.0380 0.0523 0.0784 0.0309 0.0356 0.0451 0.0665 0.0166 0.0261 0.0261 0.0736 0.0594 0.0048 0.0214 0.0380
 0.0544 0.0403 0.0625 0.2661 0.0121 0.0343 0.0948 0.0565 0.0242 0.0282 0.0444 0.0565 0.0121 0.0202 0.0302 0.0565 0.0464 0.0040 0.0222 0.0343
 0.0636 0.0254 0.0297 0.0254 0.3983 0.0169 0.0297 0.0424 0.0127 0.0339 0.0636 0.0339 0.0169 0.0297 0.0169 0.0466 0.0424 0.0042 0.0169 0.0508
 0.0667 0.0694 0.0444 0.0472 0.0111 0.1583 0.0889 0.0528 0.0278 0.0361 0.0611 0.0806 0.0222 0.0194 0.0306 0.0667 0.0417 0.0083 0.0278 0.0389
 0.0654 0.0534 0.0379 0.0809 0.0120 0.0551 0.2255 0.0430 0.0241 0.0293 0.0534 0.0775 0.0155 0.0224 0.0396 0.0551 0.0430 0.0069 0.0207 0.0396
 0.0841 0.0294 0.0441 0.0374 0.0134 0.0254 0.0334 0.3805 0.0160 0.0254 0.0427 0.0401 0.0147 0.0227 0.0294 0.0654 0.0360 0.0080 0.0187 0.0334
 0.0524 0.0524 0.0524 0.0484 0.0121 0.0403 0.0565 0.0484 0.2339 0.0282 0.0645 0.0524 0.0242 0.0323 0.0282 0.0524 0.0363 0.0040 0.0484 0.0323
 0.0580 0.0258 0.0242 0.0225 0.0129 0.0209 0.0274 0.0306 0.0113 0.1997 0.1498 0.0322 0.0370 0.0499 0.0258 0.0370 0.0451 0.0081 0.0306 0.1514
 0.0554 0.0309 0.0202 0.0234 0.0160 0.0234 0.0330 0.0341 0.0170 0.0990 0.2801 0.0330 0.0437 0.0607 0.0202 0.0341 0.0405 0.0085 0.0330 0.0937
 0.0615 0.1013 0.0465 0.0465 0.0133 0.0482 0.0748 0.0498 0.0216 0.0332 0.0515 0.1993 0.0183 0.0249 0.0332 0.0548 0.0465 0.0083 0.0249 0.0415
 0.0637 0.0398 0.0279 0.0239 0.0159 0.0319 0.0359 0.0438 0.0239 0.0916 0.1633 0.0438 0.1036 0.0478 0.0279 0.0398 0.0438 0.0080 0.0359 0.0876
 0.0454 0.0302 0.0238 0.0216 0.0151 0.0151 0.0281 0.0367 0.0173 0.0670 0.1231 0.0324 0.0259 0.2678 0.0194 0.0367 0.0367 0.0173 0.0734 0.0670
 0.0563 0.0305 0.0258 0.0352 0.0094 0.0258 0.0540 0.0516 0.0164 0.0376 0.0446 0.0469 0.0164 0.0211 0.3756 0.0469 0.0446 0.0070 0.0164 0.0376
 0.1013 0.0425 0.0507 0.0458 0.0180 0.0392 0.0523 0.0801 0.0212 0.0376 0.0523 0.0539 0.0163 0.0278 0.0327 0.1699 0.0768 0.0065 0.0245 0.0507
 0.0784 0.0382 0.0478 0.0440 0.0191 0.0287 0.0478 0.0516 0.0172 0.0535 0.0727 0.0535 0.0210 0.0325 0.0363 0.0899 0.1644 0.0057 0.0249 0.0727
 0.0455 0.0303 0.0152 0.0152 0.0076 0.0227 0.0303 0.0455 0.0076 0.0379 0.0606 0.0379 0.0152 0.0606 0.0227 0.0303 0.0227 0.4015 0.0606 0.0303
 0.0501 0.0413 0.0265 0.0324 0.0118 0.0295 0.0354 0.0413 0.0354 0.0560 0.0914 0.0442 0.0265 0.1003 0.0206 0.0442 0.0383 0.0236 0.1947 0.0560
 0.0786 0.0300 0.0229 0.0243 0.0171 0.0200 0.0329 0.0357 0.0114 0.1343 0.1257 0.0357 0.0314 0.0443 0.0229 0.0443 0.0543 0.0057 0.0271 0.2014
