#  BLOSUM Clustered Target Frequencies=qij
#  Blocks Database = /data/blocks_5.0/blocks.dat
#  Cluster Percentage: >= 75
# Normalized frequencies (by row) from file: blosum75.qij
      A      R      N      D      C      Q      E      G      H      I      L      K      M      F      P      S      T      W      Y      V
 0.3338 0.0286 0.0232 0.0245 0.0218 0.0232 0.0381 0.0749 0.0136 0.0381 0.0531 0.0409 0.0163 0.0191 0.0300 0.0872 0.0490 0.0041 0.0163 0.0640
 0.0412 0.4000 0.0333 0.0255 0.0078 0.0471 0.0471 0.0294 0.0235 0.0216 0.0373 0.1216 0.0137 0.0137 0.0176 0.0412 0.0314 0.0039 0.0157 0.0275
 0.0393 0.0393 0.3741 0.0831 0.0092 0.0323 0.0462 0.0600 0.0300 0.0185 0.0254 0.0531 0.0092 0.0139 0.0162 0.0647 0.0462 0.0023 0.0139 0.0231
 0.0336 0.0243 0.0672 0.4720 0.0075 0.0261 0.0896 0.0429 0.0149 0.0168 0.0205 0.0392 0.0075 0.0112 0.0187 0.0466 0.0317 0.0019 0.0093 0.0187
 0.0582 0.0145 0.0145 0.0145 0.5527 0.0109 0.0109 0.0218 0.0073 0.0436 0.0545 0.0145 0.0145 0.0218 0.0109 0.0364 0.0327 0.0036 0.0109 0.0509
 0.0509 0.0719 0.0419 0.0419 0.0090 0.2695 0.1018 0.0329 0.0329 0.0210 0.0419 0.0868 0.0210 0.0150 0.0210 0.0509 0.0359 0.0060 0.0180 0.0299
 0.0519 0.0445 0.0371 0.0891 0.0056 0.0631 0.3599 0.0315 0.0241 0.0186 0.0297 0.0686 0.0111 0.0130 0.0223 0.0501 0.0353 0.0037 0.0130 0.0278
 0.0730 0.0199 0.0345 0.0305 0.0080 0.0146 0.0226 0.5790 0.0106 0.0146 0.0226 0.0292 0.0080 0.0133 0.0146 0.0465 0.0266 0.0040 0.0080 0.0199
 0.0391 0.0469 0.0508 0.0312 0.0078 0.0430 0.0508 0.0312 0.3906 0.0195 0.0312 0.0430 0.0117 0.0273 0.0156 0.0391 0.0273 0.0078 0.0625 0.0234
 0.0412 0.0162 0.0118 0.0133 0.0177 0.0103 0.0147 0.0162 0.0074 0.3093 0.1694 0.0177 0.0383 0.0412 0.0118 0.0221 0.0353 0.0059 0.0206 0.1797
 0.0386 0.0188 0.0109 0.0109 0.0149 0.0139 0.0158 0.0168 0.0079 0.1139 0.4287 0.0208 0.0515 0.0545 0.0119 0.0218 0.0287 0.0069 0.0208 0.0921
 0.0541 0.1117 0.0414 0.0378 0.0072 0.0523 0.0667 0.0396 0.0198 0.0216 0.0378 0.3243 0.0144 0.0144 0.0234 0.0468 0.0378 0.0036 0.0162 0.0288
 0.0482 0.0281 0.0161 0.0161 0.0161 0.0281 0.0241 0.0241 0.0120 0.1044 0.2088 0.0321 0.1968 0.0442 0.0161 0.0281 0.0402 0.0080 0.0201 0.0884
 0.0293 0.0146 0.0126 0.0126 0.0126 0.0105 0.0146 0.0209 0.0146 0.0586 0.1151 0.0167 0.0230 0.4310 0.0105 0.0209 0.0230 0.0167 0.0921 0.0502
 0.0574 0.0235 0.0183 0.0261 0.0078 0.0183 0.0313 0.0287 0.0104 0.0209 0.0313 0.0339 0.0104 0.0131 0.5587 0.0392 0.0287 0.0026 0.0104 0.0287
 0.1137 0.0373 0.0497 0.0444 0.0178 0.0302 0.0480 0.0622 0.0178 0.0266 0.0391 0.0462 0.0124 0.0178 0.0266 0.2718 0.0817 0.0036 0.0160 0.0373
 0.0729 0.0324 0.0405 0.0344 0.0182 0.0243 0.0385 0.0405 0.0142 0.0486 0.0587 0.0425 0.0202 0.0223 0.0223 0.0931 0.2895 0.0040 0.0162 0.0668
 0.0216 0.0144 0.0072 0.0072 0.0072 0.0144 0.0144 0.0216 0.0144 0.0288 0.0504 0.0144 0.0144 0.0576 0.0072 0.0144 0.0144 0.5755 0.0719 0.0288
 0.0350 0.0233 0.0175 0.0146 0.0087 0.0175 0.0204 0.0175 0.0466 0.0408 0.0612 0.0262 0.0146 0.1283 0.0117 0.0262 0.0233 0.0292 0.3965 0.0408
 0.0643 0.0192 0.0137 0.0137 0.0192 0.0137 0.0205 0.0205 0.0082 0.1669 0.1272 0.0219 0.0301 0.0328 0.0150 0.0287 0.0451 0.0055 0.0192 0.3146
