#  BLOSUM Clustered Target Frequencies=qij
#  Blocks Database = /data/blocks_5.0/blocks.dat
#  Cluster Percentage: >= 30
# Normalized frequencies (by row) from file: blosum30.qij
      A      R      N      D      C      Q      E      G      H      I      L      K      M      F      P      S      T      W      Y      V
 0.1282 0.0507 0.0414 0.0574 0.0187 0.0414 0.0587 0.0694 0.0214 0.0534 0.0748 0.0587 0.0240 0.0360 0.0374 0.0748 0.0534 0.0067 0.0187 0.0748
 0.0650 0.1863 0.0325 0.0444 0.0188 0.0530 0.0530 0.0547 0.0239 0.0376 0.0667 0.0735 0.0205 0.0393 0.0359 0.0598 0.0325 0.0120 0.0376 0.0530
 0.0724 0.0444 0.1285 0.0631 0.0234 0.0327 0.0561 0.0748 0.0257 0.0561 0.0748 0.0631 0.0210 0.0397 0.0280 0.0654 0.0561 0.0047 0.0187 0.0514
 0.0798 0.0482 0.0501 0.1763 0.0186 0.0334 0.0686 0.0649 0.0204 0.0334 0.0798 0.0594 0.0148 0.0204 0.0390 0.0631 0.0445 0.0074 0.0278 0.0501
 0.0538 0.0423 0.0385 0.0385 0.2692 0.0269 0.0692 0.0423 0.0154 0.0462 0.0885 0.0385 0.0154 0.0308 0.0269 0.0500 0.0346 0.0115 0.0154 0.0462
 0.0859 0.0859 0.0388 0.0499 0.0194 0.1080 0.0776 0.0554 0.0277 0.0443 0.0748 0.0582 0.0194 0.0277 0.0416 0.0582 0.0443 0.0111 0.0305 0.0416
 0.0705 0.0497 0.0385 0.0593 0.0288 0.0449 0.1506 0.0561 0.0288 0.0369 0.0817 0.0849 0.0192 0.0256 0.0481 0.0609 0.0369 0.0112 0.0256 0.0417
 0.0707 0.0435 0.0435 0.0476 0.0150 0.0272 0.0476 0.2354 0.0204 0.0490 0.0694 0.0531 0.0177 0.0299 0.0408 0.0694 0.0381 0.0150 0.0218 0.0449
 0.0557 0.0488 0.0383 0.0383 0.0139 0.0348 0.0627 0.0523 0.2091 0.0418 0.0767 0.0453 0.0279 0.0279 0.0488 0.0592 0.0348 0.0070 0.0348 0.0418
 0.0701 0.0385 0.0420 0.0315 0.0210 0.0280 0.0403 0.0630 0.0210 0.1261 0.1156 0.0455 0.0245 0.0473 0.0298 0.0578 0.0473 0.0088 0.0315 0.1103
 0.0607 0.0423 0.0347 0.0466 0.0249 0.0293 0.0553 0.0553 0.0238 0.0715 0.1506 0.0477 0.0293 0.0596 0.0293 0.0509 0.0498 0.0098 0.0488 0.0802
 0.0728 0.0712 0.0447 0.0530 0.0166 0.0348 0.0877 0.0646 0.0215 0.0430 0.0728 0.1043 0.0281 0.0381 0.0480 0.0695 0.0414 0.0099 0.0281 0.0497
 0.0826 0.0550 0.0413 0.0367 0.0183 0.0321 0.0550 0.0596 0.0367 0.0642 0.1239 0.0780 0.0550 0.0367 0.0229 0.0459 0.0459 0.0092 0.0321 0.0688
 0.0601 0.0512 0.0379 0.0245 0.0178 0.0223 0.0356 0.0490 0.0178 0.0601 0.1225 0.0512 0.0178 0.1715 0.0245 0.0601 0.0356 0.0156 0.0535 0.0713
 0.0645 0.0484 0.0276 0.0484 0.0161 0.0346 0.0691 0.0691 0.0323 0.0392 0.0622 0.0668 0.0115 0.0253 0.2097 0.0553 0.0461 0.0092 0.0253 0.0392
 0.0862 0.0538 0.0431 0.0523 0.0200 0.0323 0.0585 0.0785 0.0262 0.0508 0.0723 0.0646 0.0154 0.0415 0.0369 0.1154 0.0631 0.0077 0.0262 0.0554
 0.0839 0.0398 0.0503 0.0503 0.0189 0.0335 0.0482 0.0587 0.0210 0.0566 0.0964 0.0524 0.0210 0.0335 0.0419 0.0860 0.0964 0.0063 0.0294 0.0755
 0.0394 0.0551 0.0157 0.0315 0.0236 0.0315 0.0551 0.0866 0.0157 0.0394 0.0709 0.0472 0.0157 0.0551 0.0315 0.0394 0.0236 0.2126 0.0709 0.0394
 0.0405 0.0636 0.0231 0.0434 0.0116 0.0318 0.0462 0.0462 0.0289 0.0520 0.1301 0.0491 0.0202 0.0694 0.0318 0.0491 0.0405 0.0260 0.1272 0.0694
 0.0863 0.0478 0.0339 0.0416 0.0185 0.0231 0.0401 0.0508 0.0185 0.0971 0.1140 0.0462 0.0231 0.0493 0.0262 0.0555 0.0555 0.0077 0.0370 0.1279
